0 , 1
1 , 0
2 , 1
3 , 0
4 , 0
5 , 1
6 , 0
7 , 1
8 , 1
9 , 0
10 , 0
11 , 0
12 , 0
13 , 1
14 , 0
15 , 1
16 , 0
17 , 1
18 , 1
19 , 0
20 , 0
21 , 0
22 , 1
23 , 0
24 , 1
25 , 1
26 , 0
27 , 0
28 , 0
29 , 0
30 , 0
31 , 0
32 , 0
33 , 1
34 , 0
35 , 0
36 , 0
37 , 1
38 , 1
39 , 0
40 , 1
41 , 0
42 , 0
43 , 0
44 , 0
45 , 0
46 , 1
47 , 1
48 , 1
49 , 0
50 , 0
51 , 1
52 , 0
53 , 0
54 , 0
55 , 0
56 , 0
57 , 0
58 , 1
59 , 1
60 , 1
61 , 0
62 , 1
63 , 0
64 , 1
65 , 0
66 , 1
67 , 0
68 , 1
69 , 0
70 , 1
71 , 0
72 , 1
73 , 0
74 , 0
75 , 1
76 , 0
77 , 0
78 , 1
79 , 0
80 , 1
81 , 1
82 , 1
83 , 0
84 , 1
85 , 1
86 , 0
87 , 1
88 , 0
89 , 1
90 , 0
91 , 0
92 , 0
93 , 1
94 , 0
95 , 0
96 , 0
97 , 0
98 , 0
99 , 0
100 , 1
101 , 1
102 , 1
103 , 1
104 , 1
105 , 1
106 , 1
107 , 0
108 , 0
109 , 1
110 , 0
111 , 0
112 , 1
113 , 0
114 , 0
115 , 1
116 , 1
117 , 0
118 , 0
119 , 1
120 , 1
121 , 1
122 , 1
123 , 1
124 , 0
125 , 1
126 , 0
127 , 0
128 , 1
129 , 1
130 , 1
131 , 0
132 , 0
133 , 1
134 , 0
135 , 0
136 , 1
137 , 0
138 , 1
139 , 0
140 , 0
141 , 0
142 , 1
143 , 1
144 , 1
145 , 1
146 , 0
147 , 0
148 , 1
149 , 0
150 , 0
151 , 1
152 , 0
153 , 0
154 , 1
155 , 0
156 , 0
157 , 0
158 , 0
159 , 0
160 , 0
161 , 1
162 , 1
163 , 0
164 , 0
165 , 1
166 , 1
167 , 1
168 , 0
169 , 0
170 , 0
171 , 0
172 , 0
173 , 0
174 , 0
175 , 0
176 , 0
177 , 1
178 , 0
179 , 0
180 , 1
181 , 1
182 , 0
183 , 0
184 , 1
185 , 1
186 , 0
187 , 1
188 , 0
189 , 0
190 , 1
191 , 1
192 , 0
193 , 1
194 , 1
195 , 1
196 , 0
197 , 1
198 , 0
199 , 0
200 , 0
201 , 0
202 , 1
203 , 0
204 , 0
205 , 1
206 , 1
207 , 0
208 , 1
209 , 0
210 , 0
211 , 0
212 , 1
213 , 0
214 , 0
215 , 1
216 , 0
217 , 0
218 , 0
219 , 1
220 , 1
221 , 0
222 , 1
223 , 0
224 , 0
225 , 1
226 , 0
227 , 1
228 , 0
229 , 1
230 , 1
231 , 0
232 , 1
233 , 0
234 , 1
235 , 1
236 , 1
237 , 0
238 , 0
239 , 1
240 , 0
241 , 0
242 , 1
243 , 0
244 , 0
245 , 1
246 , 1
247 , 0
248 , 0
249 , 1
250 , 0
251 , 1
252 , 1
253 , 1
254 , 0
255 , 0
256 , 1
257 , 0
258 , 1
259 , 1
260 , 1
261 , 1
262 , 0
263 , 0
264 , 0
265 , 1
266 , 1
267 , 1
268 , 1
269 , 1
270 , 0
271 , 0
272 , 0
273 , 1
274 , 1
275 , 1
276 , 1
277 , 1
278 , 1
279 , 0
280 , 0
281 , 1
282 , 1
283 , 1
284 , 0
285 , 1
286 , 1
287 , 1
288 , 1
289 , 1
290 , 1
291 , 0
292 , 0
293 , 1
294 , 1
295 , 0
296 , 1
297 , 0
298 , 0
299 , 0
300 , 0
301 , 0
302 , 0
303 , 1
304 , 1
305 , 0
306 , 1
307 , 0
308 , 1
309 , 1
310 , 1
311 , 0
312 , 0
313 , 0
314 , 0
315 , 0
316 , 0
317 , 1
318 , 0
319 , 0
320 , 0
321 , 1
322 , 1
323 , 1
324 , 1
325 , 0
326 , 1
327 , 1
328 , 1
329 , 0
330 , 0
331 , 0
332 , 1
333 , 1
334 , 0
335 , 0
336 , 1
337 , 0
338 , 1
339 , 0
340 , 0
341 , 1
342 , 0
343 , 1
344 , 0
345 , 0
346 , 1
347 , 0
348 , 0
349 , 0
350 , 1
351 , 1
352 , 0
353 , 1
354 , 1
355 , 1
356 , 1
357 , 0
358 , 1
359 , 0
360 , 1
361 , 1
362 , 0
363 , 1
364 , 1
365 , 1
366 , 0
367 , 0
368 , 0
369 , 1
370 , 0
371 , 1
372 , 0
373 , 0
374 , 0
375 , 1
376 , 0
377 , 1
378 , 1
379 , 1
380 , 0
381 , 0
382 , 1
383 , 1
384 , 1
385 , 0
386 , 0
387 , 0
388 , 1
389 , 1
390 , 0
391 , 0
392 , 0
393 , 1
394 , 0
395 , 1
396 , 0
397 , 0
398 , 0
399 , 1
400 , 1
401 , 0
402 , 1
403 , 0
404 , 0
405 , 1
406 , 0
407 , 1
408 , 0
409 , 1
410 , 1
411 , 1
412 , 1
413 , 0
414 , 0
415 , 0
416 , 0
417 , 0
418 , 0
419 , 0
420 , 1
421 , 0
422 , 0
423 , 1
424 , 0
425 , 1
426 , 0
427 , 1
428 , 0
429 , 1
430 , 1
431 , 0
432 , 0
433 , 1
434 , 0
435 , 0
436 , 1
437 , 0
438 , 1
439 , 1
440 , 0
441 , 0
442 , 1
443 , 1
444 , 1
445 , 1
446 , 0
447 , 0
448 , 1
449 , 0
450 , 1
451 , 1
452 , 1
453 , 0
454 , 0
455 , 0
456 , 0
457 , 0
458 , 0
459 , 1
460 , 1
461 , 1
462 , 1
463 , 0
464 , 1
465 , 1
466 , 0
467 , 1
468 , 0
469 , 1
470 , 0
471 , 0
472 , 1
473 , 1
474 , 1
475 , 1
476 , 0
477 , 1
478 , 0
479 , 1
480 , 0
481 , 1
482 , 0
483 , 1
484 , 0
485 , 1
486 , 0
487 , 1
488 , 0
489 , 1
490 , 0
491 , 0
492 , 1
493 , 0
494 , 1
495 , 0
496 , 1
497 , 0
498 , 1
499 , 0
500 , 0
501 , 0
502 , 1
503 , 1
504 , 1
505 , 0
506 , 1
507 , 0
508 , 0
509 , 0
510 , 0
511 , 0
512 , 0
513 , 0
514 , 1
515 , 1
516 , 0
517 , 0
518 , 0
519 , 1
520 , 0
521 , 0
522 , 0
523 , 1
524 , 0
525 , 0
526 , 1
527 , 1
528 , 0
529 , 0
530 , 1
531 , 1
532 , 0
533 , 0
534 , 0
535 , 0
536 , 0
537 , 1
538 , 1
539 , 0
540 , 1
541 , 1
542 , 0
543 , 0
544 , 1
545 , 0
546 , 0
547 , 0
548 , 1
549 , 1
550 , 0
551 , 0
552 , 0
553 , 0
554 , 0
555 , 1
556 , 1
557 , 0
558 , 0
559 , 0
560 , 0
561 , 0
562 , 1
563 , 1
564 , 0
565 , 1
566 , 1
567 , 1
568 , 0
569 , 1
570 , 1
571 , 1
572 , 0
573 , 0
574 , 1
575 , 1
576 , 0
577 , 1
578 , 0
579 , 0
580 , 1
581 , 0
582 , 1
583 , 1
584 , 1
585 , 0
586 , 0
587 , 0
588 , 0
589 , 1
590 , 1
591 , 0
592 , 0
593 , 0
594 , 1
595 , 0
596 , 0
597 , 1
598 , 1
599 , 1
600 , 0
601 , 1
602 , 1
603 , 1
604 , 1
605 , 0
606 , 1
607 , 0
608 , 1
609 , 1
610 , 1
611 , 0
612 , 1
613 , 0
614 , 1
615 , 1
616 , 1
617 , 1
618 , 1
619 , 0
620 , 0
621 , 0
622 , 1
623 , 1
624 , 1
625 , 0
626 , 1
627 , 1
628 , 1
629 , 1
630 , 1
631 , 0
632 , 0
633 , 1
634 , 0
635 , 0
636 , 0
637 , 1
638 , 1
639 , 0
640 , 0
641 , 1
642 , 1
643 , 1
644 , 0
645 , 1
646 , 1
647 , 0
648 , 0
649 , 0
650 , 0
651 , 1
652 , 0
653 , 0
654 , 0
655 , 1
656 , 1
657 , 0
658 , 1
659 , 0
660 , 0
661 , 0
662 , 1
663 , 0
664 , 1
665 , 1
666 , 1
667 , 1
668 , 0
669 , 0
670 , 1
671 , 1
672 , 1
673 , 0
674 , 1
675 , 0
676 , 1
677 , 0
678 , 1
679 , 0
680 , 1
681 , 0
682 , 1
683 , 1
684 , 0
685 , 1
686 , 1
687 , 1
688 , 1
689 , 0
690 , 0
691 , 0
692 , 1
693 , 1
694 , 1
695 , 0
696 , 0
697 , 0
698 , 0
699 , 0
700 , 0
701 , 1
702 , 1
703 , 0
704 , 1
705 , 0
706 , 0
707 , 0
708 , 1
709 , 0
710 , 1
711 , 0
712 , 0
713 , 1
714 , 0
715 , 0
716 , 0
717 , 0
718 , 1
719 , 0
720 , 1
721 , 1
722 , 0
723 , 0
724 , 0
725 , 1
726 , 0
727 , 1
728 , 0
729 , 1
730 , 1
731 , 1
732 , 0
733 , 1
734 , 0
735 , 0
736 , 1
737 , 0
738 , 0
739 , 0
740 , 1
741 , 0
742 , 0
743 , 0
744 , 1
745 , 1
746 , 0
747 , 0
748 , 0
749 , 0
750 , 0
751 , 0
752 , 0
753 , 1
754 , 1
755 , 1
756 , 1
757 , 1
758 , 0
759 , 0
760 , 1
761 , 1
762 , 0
763 , 1
764 , 1
765 , 1
766 , 0
767 , 0
768 , 1
769 , 1
770 , 0
771 , 1
772 , 0
773 , 0
774 , 1
775 , 0
776 , 0
777 , 0
778 , 0
779 , 1
780 , 0
781 , 1
782 , 1
783 , 0
784 , 0
785 , 0
786 , 0
787 , 1
788 , 1
789 , 1
790 , 1
791 , 1
792 , 0
793 , 1
794 , 0
795 , 1
796 , 1
797 , 1
798 , 1
799 , 0
800 , 0
801 , 0
802 , 0
803 , 0
804 , 1
805 , 0
806 , 1
807 , 1
808 , 1
809 , 1
810 , 0
811 , 1
812 , 0
813 , 1
814 , 0
815 , 0
816 , 0
817 , 0
818 , 0
819 , 1
820 , 1
821 , 1
822 , 0
823 , 1
824 , 0
825 , 0
826 , 0
827 , 0
828 , 0
829 , 0
830 , 1
831 , 0
832 , 0
833 , 0
834 , 1
835 , 0
836 , 0
837 , 0
838 , 1
839 , 1
840 , 1
841 , 0
842 , 0
843 , 1
844 , 1
845 , 0
846 , 1
847 , 1
848 , 1
849 , 0
850 , 1
851 , 1
852 , 0
853 , 1
854 , 1
855 , 1
856 , 1
857 , 0
858 , 0
859 , 0
860 , 0
861 , 1
862 , 0
863 , 1
864 , 1
865 , 1
866 , 1
867 , 0
868 , 0
869 , 1
870 , 0
871 , 1
872 , 1
873 , 1
874 , 0
875 , 0
876 , 1
877 , 0
878 , 0
879 , 1
880 , 0
881 , 0
882 , 0
883 , 1
884 , 1
885 , 1
886 , 1
887 , 1
888 , 0
889 , 0
890 , 1
891 , 0
892 , 0
893 , 1
894 , 0
895 , 0
896 , 0
897 , 0
898 , 1
899 , 1
900 , 1
901 , 0
902 , 1
903 , 0
904 , 1
905 , 1
906 , 1
907 , 0
908 , 0
909 , 1
910 , 1
911 , 0
912 , 0
913 , 0
914 , 0
915 , 1
916 , 1
917 , 0
918 , 0
919 , 0
920 , 0
921 , 1
922 , 1
923 , 0
924 , 1
925 , 0
926 , 1
927 , 1
928 , 1
929 , 0
930 , 0
931 , 0
932 , 0
933 , 0
934 , 0
935 , 1
936 , 0
937 , 1
938 , 1
939 , 0
940 , 1
941 , 0
942 , 0
943 , 1
944 , 0
945 , 1
946 , 1
947 , 0
948 , 0
949 , 0
950 , 1
951 , 0
952 , 1
953 , 1
954 , 0
955 , 1
956 , 1
957 , 0
958 , 0
959 , 1
960 , 1
961 , 0
962 , 0
963 , 0
964 , 1
965 , 0
966 , 1
967 , 1
968 , 1
969 , 1
970 , 0
971 , 0
972 , 0
973 , 1
974 , 1
975 , 0
976 , 1
977 , 1
978 , 0
979 , 0
980 , 0
981 , 0
982 , 0
983 , 0
984 , 0
985 , 1
986 , 1
987 , 1
988 , 0
989 , 0
990 , 1
991 , 1
992 , 0
993 , 0
994 , 0
995 , 1
996 , 0
997 , 0
998 , 1
999 , 1
1000 , 0
1001 , 0
1002 , 0
1003 , 0
1004 , 0
1005 , 0
1006 , 1
1007 , 1
1008 , 0
1009 , 1
1010 , 0
1011 , 0
1012 , 1
1013 , 1
1014 , 0
1015 , 1
1016 , 1
1017 , 1
1018 , 0
1019 , 0
1020 , 0
1021 , 0
1022 , 1
1023 , 0
1024 , 0
1025 , 0
1026 , 1
1027 , 0
1028 , 0
1029 , 1
1030 , 0
1031 , 0
1032 , 0
1033 , 1
1034 , 0
1035 , 1
1036 , 1
1037 , 1
1038 , 1
1039 , 1
1040 , 0
1041 , 0
1042 , 1
1043 , 1
1044 , 1
1045 , 0
1046 , 1
1047 , 1
1048 , 1
1049 , 0
1050 , 1
1051 , 1
1052 , 0
1053 , 0
1054 , 0
1055 , 1
1056 , 1
1057 , 1
1058 , 0
1059 , 0
1060 , 0
1061 , 1
1062 , 1
1063 , 0
1064 , 1
1065 , 0
1066 , 1
1067 , 0
1068 , 0
1069 , 0
1070 , 0
1071 , 0
1072 , 1
1073 , 0
1074 , 1
1075 , 0
1076 , 1
1077 , 0
1078 , 0
1079 , 1
1080 , 0
1081 , 0
1082 , 1
1083 , 0
1084 , 0
1085 , 1
1086 , 0
1087 , 0
1088 , 1
1089 , 0
1090 , 1
1091 , 1
1092 , 0
1093 , 1
1094 , 1
1095 , 0
1096 , 0
1097 , 1
1098 , 1
1099 , 1
1100 , 0
1101 , 1
1102 , 0
1103 , 0
1104 , 0
1105 , 1
1106 , 1
1107 , 1
1108 , 0
1109 , 1
1110 , 1
1111 , 0
1112 , 0
1113 , 0
1114 , 1
1115 , 1
1116 , 1
1117 , 0
1118 , 0
1119 , 1
1120 , 1
1121 , 0
1122 , 0
1123 , 0
1124 , 0
1125 , 1
1126 , 1
1127 , 0
1128 , 1
1129 , 1
1130 , 0
1131 , 0
1132 , 0
1133 , 0
1134 , 1
1135 , 0
1136 , 1
1137 , 0
1138 , 0
1139 , 1
1140 , 0
1141 , 1
1142 , 0
1143 , 0
1144 , 0
1145 , 0
1146 , 0
1147 , 0
1148 , 1
1149 , 1
1150 , 1
1151 , 1
1152 , 1
1153 , 1
1154 , 0
1155 , 1
1156 , 0
1157 , 1
1158 , 0
1159 , 0
1160 , 0
1161 , 0
1162 , 0
1163 , 0
1164 , 0
1165 , 1
1166 , 1
1167 , 0
1168 , 1
1169 , 1
1170 , 1
1171 , 0
1172 , 1
1173 , 1
1174 , 0
1175 , 1
1176 , 0
1177 , 1
1178 , 0
1179 , 1
1180 , 1
1181 , 0
1182 , 1
1183 , 0
1184 , 0
1185 , 0
1186 , 0
1187 , 1
1188 , 0
1189 , 1
1190 , 1
1191 , 0
1192 , 0
1193 , 0
1194 , 1
1195 , 0
1196 , 0
1197 , 0
1198 , 1
1199 , 1
1200 , 0
1201 , 0
1202 , 1
1203 , 1
1204 , 1
1205 , 1
1206 , 1
1207 , 1
1208 , 1
1209 , 0
1210 , 0
1211 , 0
1212 , 0
1213 , 1
1214 , 0
1215 , 0
1216 , 0
1217 , 1
1218 , 1
1219 , 0
1220 , 0
1221 , 0
1222 , 0
1223 , 0
1224 , 0
1225 , 0
1226 , 1
1227 , 1
1228 , 0
1229 , 0
1230 , 1
1231 , 0
1232 , 1
1233 , 1
1234 , 0
1235 , 0
1236 , 1
1237 , 1
1238 , 0
1239 , 0
1240 , 0
1241 , 0
1242 , 0
1243 , 1
1244 , 0
1245 , 0
1246 , 1
1247 , 1
1248 , 1
1249 , 1
1250 , 1
1251 , 1
1252 , 1
1253 , 0
1254 , 0
1255 , 1
1256 , 0
1257 , 0
1258 , 0
1259 , 0
1260 , 1
1261 , 0
1262 , 0
1263 , 0
1264 , 1
1265 , 1
1266 , 1
1267 , 1
1268 , 1
1269 , 1
1270 , 0
1271 , 1
1272 , 0
1273 , 1
1274 , 1
1275 , 1
1276 , 0
1277 , 0
1278 , 1
1279 , 0
1280 , 0
1281 , 0
1282 , 1
1283 , 1
1284 , 1
1285 , 0
1286 , 0
1287 , 1
1288 , 0
1289 , 1
1290 , 1
1291 , 1
1292 , 0
1293 , 0
1294 , 1
1295 , 0
1296 , 1
1297 , 0
1298 , 0
1299 , 1
1300 , 0
1301 , 1
1302 , 0
1303 , 1
1304 , 0
1305 , 0
1306 , 0
1307 , 0
1308 , 1
1309 , 1
1310 , 1
1311 , 1
1312 , 1
1313 , 1
1314 , 1
1315 , 0
1316 , 1
1317 , 0
1318 , 1
1319 , 0
1320 , 1
1321 , 0
1322 , 0
1323 , 1
1324 , 1
1325 , 1
1326 , 1
1327 , 1
1328 , 1
1329 , 1
1330 , 0
1331 , 1
1332 , 1
1333 , 0
1334 , 1
1335 , 1
1336 , 1
1337 , 1
1338 , 1
1339 , 0
1340 , 1
1341 , 0
1342 , 1
1343 , 0
1344 , 1
1345 , 1
1346 , 0
1347 , 0
1348 , 0
1349 , 1
1350 , 1
1351 , 1
1352 , 0
1353 , 1
1354 , 1
1355 , 0
1356 , 0
1357 , 0
1358 , 0
1359 , 0
1360 , 1
1361 , 0
1362 , 1
1363 , 1
1364 , 1
1365 , 1
1366 , 1
1367 , 1
1368 , 1
1369 , 0
1370 , 1
1371 , 1
1372 , 1
1373 , 1
1374 , 0
1375 , 1
1376 , 1
1377 , 1
1378 , 0
1379 , 0
1380 , 0
1381 , 0
1382 , 1
1383 , 0
1384 , 0
1385 , 0
1386 , 1
1387 , 1
1388 , 0
1389 , 0
1390 , 0
1391 , 0
1392 , 1
1393 , 1
1394 , 0
1395 , 1
1396 , 0
1397 , 1
1398 , 0
1399 , 0
1400 , 1
1401 , 0
1402 , 0
1403 , 0
1404 , 1
1405 , 0
1406 , 0
1407 , 0
1408 , 1
1409 , 1
1410 , 0
1411 , 0
1412 , 1
1413 , 1
1414 , 0
1415 , 1
1416 , 1
1417 , 0
1418 , 0
1419 , 1
1420 , 1
1421 , 0
1422 , 1
1423 , 1
1424 , 1
1425 , 0
1426 , 1
1427 , 1
1428 , 0
1429 , 0
1430 , 0
1431 , 1
1432 , 0
1433 , 0
1434 , 0
1435 , 1
1436 , 1
1437 , 1
1438 , 1
1439 , 1
1440 , 0
1441 , 1
1442 , 0
1443 , 0
1444 , 1
1445 , 0
1446 , 1
1447 , 0
1448 , 1
1449 , 0
1450 , 1
1451 , 1
1452 , 1
1453 , 1
1454 , 1
1455 , 1
1456 , 0
1457 , 0
1458 , 0
1459 , 0
1460 , 0
1461 , 1
1462 , 0
1463 , 1
1464 , 0
1465 , 0
1466 , 1
1467 , 1
1468 , 1
1469 , 1
1470 , 0
1471 , 1
1472 , 1
1473 , 0
1474 , 1
1475 , 1
1476 , 1
1477 , 1
1478 , 0
1479 , 0
1480 , 0
1481 , 1
1482 , 1
1483 , 1
1484 , 1
1485 , 0
1486 , 0
1487 , 0
1488 , 0
1489 , 0
1490 , 1
1491 , 0
1492 , 0
1493 , 1
1494 , 1
1495 , 0
1496 , 1
1497 , 0
1498 , 0
1499 , 0
1500 , 0
1501 , 1
1502 , 1
1503 , 1
1504 , 0
1505 , 1
1506 , 1
1507 , 1
1508 , 0
1509 , 0
1510 , 1
1511 , 0
1512 , 0
1513 , 1
1514 , 0
1515 , 0
1516 , 1
1517 , 1
1518 , 0
1519 , 1
1520 , 1
1521 , 0
1522 , 1
1523 , 0
1524 , 1
1525 , 0
1526 , 0
1527 , 0
1528 , 1
1529 , 0
1530 , 0
1531 , 1
1532 , 1
1533 , 0
1534 , 1
1535 , 0
1536 , 0
1537 , 1
1538 , 0
1539 , 1
1540 , 1
1541 , 1
1542 , 0
1543 , 1
1544 , 0
1545 , 0
1546 , 0
1547 , 0
1548 , 0
1549 , 1
1550 , 1
1551 , 1
1552 , 0
1553 , 0
1554 , 0
1555 , 0
1556 , 1
1557 , 0
1558 , 0
1559 , 0
1560 , 1
1561 , 1
1562 , 0
1563 , 0
1564 , 1
1565 , 1
1566 , 1
1567 , 1
1568 , 0
1569 , 0
1570 , 1
1571 , 0
1572 , 1
1573 , 1
1574 , 0
1575 , 0
1576 , 0
1577 , 1
1578 , 0
1579 , 0
1580 , 0
1581 , 1
1582 , 1
1583 , 1
1584 , 1
1585 , 1
1586 , 1
1587 , 0
1588 , 1
1589 , 1
1590 , 1
1591 , 0
1592 , 1
1593 , 0
1594 , 1
1595 , 0
1596 , 1
1597 , 1
1598 , 0
1599 , 1
1600 , 1
1601 , 1
1602 , 0
1603 , 0
1604 , 1
1605 , 0
1606 , 1
1607 , 0
1608 , 0
1609 , 1
1610 , 1
1611 , 1
1612 , 1
1613 , 0
1614 , 1
1615 , 0
1616 , 0
1617 , 0
1618 , 0
1619 , 0
1620 , 1
1621 , 0
1622 , 0
1623 , 1
1624 , 0
1625 , 0
1626 , 1
1627 , 1
1628 , 0
1629 , 1
1630 , 1
1631 , 1
1632 , 1
1633 , 1
1634 , 1
1635 , 0
1636 , 0
1637 , 0
1638 , 1
1639 , 1
1640 , 1
1641 , 0
1642 , 0
1643 , 0
1644 , 1
1645 , 1
1646 , 1
1647 , 1
1648 , 1
1649 , 0
1650 , 1
1651 , 1
1652 , 1
1653 , 1
1654 , 0
1655 , 0
1656 , 1
1657 , 0
1658 , 0
1659 , 0
1660 , 1
1661 , 0
1662 , 1
1663 , 1
1664 , 1
1665 , 1
1666 , 1
1667 , 0
1668 , 1
1669 , 0
1670 , 0
1671 , 0
1672 , 1
1673 , 0
1674 , 1
1675 , 0
1676 , 0
1677 , 1
1678 , 0
1679 , 1
1680 , 1
1681 , 0
1682 , 0
1683 , 0
1684 , 0
1685 , 0
1686 , 1
1687 , 1
1688 , 1
1689 , 0
1690 , 1
1691 , 0
1692 , 0
1693 , 0
1694 , 0
1695 , 0
1696 , 0
1697 , 0
1698 , 0
1699 , 0
1700 , 1
1701 , 1
1702 , 1
1703 , 0
1704 , 0
1705 , 0
1706 , 1
1707 , 0
1708 , 0
1709 , 1
1710 , 1
1711 , 0
1712 , 0
1713 , 1
1714 , 1
1715 , 0
1716 , 1
1717 , 0
1718 , 0
1719 , 1
1720 , 0
1721 , 0
1722 , 1
1723 , 1
1724 , 0
1725 , 0
1726 , 1
1727 , 0
1728 , 0
1729 , 0
1730 , 1
1731 , 1
1732 , 0
1733 , 1
1734 , 1
1735 , 1
1736 , 1
1737 , 0
1738 , 0
1739 , 0
1740 , 1
1741 , 0
1742 , 1
1743 , 1
1744 , 0
1745 , 0
1746 , 1
1747 , 0
1748 , 1
1749 , 0
1750 , 1
1751 , 0
1752 , 0
1753 , 1
1754 , 1
1755 , 1
1756 , 1
1757 , 1
1758 , 1
1759 , 1
1760 , 1
1761 , 1
1762 , 1
1763 , 0
1764 , 1
1765 , 0
1766 , 0
1767 , 0
1768 , 0
1769 , 0
1770 , 0
1771 , 1
1772 , 0
1773 , 1
1774 , 1
1775 , 1
1776 , 0
1777 , 0
1778 , 0
1779 , 0
1780 , 1
1781 , 0
1782 , 1
1783 , 1
1784 , 0
1785 , 1
1786 , 1
1787 , 1
1788 , 0
1789 , 0
1790 , 1
1791 , 0
1792 , 0
1793 , 1
1794 , 0
1795 , 1
1796 , 0
1797 , 0
1798 , 0
1799 , 1
1800 , 0
1801 , 0
1802 , 0
1803 , 0
1804 , 0
1805 , 1
1806 , 0
1807 , 1
1808 , 0
1809 , 0
1810 , 1
1811 , 0
1812 , 1
1813 , 1
1814 , 0
1815 , 1
1816 , 1
1817 , 0
1818 , 1
1819 , 1
1820 , 0
1821 , 1
1822 , 1
1823 , 1
1824 , 0
1825 , 0
1826 , 1
1827 , 1
1828 , 1
1829 , 0
1830 , 0
1831 , 1
1832 , 0
1833 , 0
1834 , 1
1835 , 0
1836 , 0
1837 , 0
1838 , 0
1839 , 1
1840 , 1
1841 , 0
1842 , 0
1843 , 0
1844 , 1
1845 , 1
1846 , 0
1847 , 1
1848 , 1
1849 , 1
1850 , 1
1851 , 0
1852 , 1
1853 , 1
1854 , 0
1855 , 0
1856 , 0
1857 , 0
1858 , 1
1859 , 1
1860 , 0
1861 , 0
1862 , 1
1863 , 1
1864 , 1
1865 , 1
1866 , 1
1867 , 0
1868 , 0
1869 , 1
1870 , 0
1871 , 0
1872 , 1
1873 , 1
1874 , 1
1875 , 0
1876 , 1
1877 , 0
1878 , 1
1879 , 0
1880 , 1
1881 , 1
1882 , 1
1883 , 1
1884 , 1
1885 , 0
1886 , 0
1887 , 1
1888 , 0
1889 , 0
1890 , 0
1891 , 1
1892 , 1
1893 , 0
1894 , 1
1895 , 1
1896 , 0
1897 , 1
1898 , 0
1899 , 1
1900 , 0
1901 , 0
1902 , 1
1903 , 0
1904 , 1
1905 , 0
1906 , 0
1907 , 1
1908 , 1
1909 , 1
1910 , 1
1911 , 1
1912 , 0
1913 , 1
1914 , 1
1915 , 0
1916 , 0
1917 , 1
1918 , 0
1919 , 0
1920 , 1
1921 , 0
1922 , 1
1923 , 0
1924 , 1
1925 , 0
1926 , 1
1927 , 1
1928 , 0
1929 , 0
1930 , 0
1931 , 0
1932 , 1
1933 , 1
1934 , 1
1935 , 0
1936 , 0
1937 , 0
1938 , 1
1939 , 0
1940 , 1
1941 , 1
1942 , 0
1943 , 1
1944 , 1
1945 , 1
1946 , 0
1947 , 1
1948 , 0
1949 , 0
1950 , 1
1951 , 0
1952 , 1
1953 , 1
1954 , 1
1955 , 0
1956 , 1
1957 , 0
1958 , 0
1959 , 1
1960 , 1
1961 , 1
1962 , 1
1963 , 0
1964 , 0
1965 , 1
1966 , 0
1967 , 1
1968 , 0
1969 , 1
1970 , 1
1971 , 1
1972 , 1
1973 , 1
1974 , 1
1975 , 1
1976 , 1
1977 , 1
1978 , 0
1979 , 1
1980 , 0
1981 , 1
1982 , 1
1983 , 0
1984 , 0
1985 , 1
1986 , 0
1987 , 1
1988 , 1
1989 , 0
1990 , 0
1991 , 1
1992 , 1
1993 , 1
1994 , 0
1995 , 1
1996 , 1
1997 , 1
1998 , 1
1999 , 1
2000 , 0
2001 , 0
2002 , 1
2003 , 1
2004 , 1
2005 , 0
2006 , 1
2007 , 1
2008 , 1
2009 , 1
2010 , 1
2011 , 1
2012 , 0
2013 , 1
2014 , 1
2015 , 0
2016 , 0
2017 , 1
2018 , 0
2019 , 0
2020 , 1
2021 , 1
2022 , 1
2023 , 0
2024 , 1
2025 , 1
2026 , 1
2027 , 1
2028 , 0
2029 , 0
2030 , 1
2031 , 0
2032 , 1
2033 , 1
2034 , 1
2035 , 0
2036 , 1
2037 , 0
2038 , 1
2039 , 1
2040 , 0
2041 , 0
2042 , 0
2043 , 0
2044 , 1
2045 , 1
2046 , 0
2047 , 1
2048 , 0
2049 , 0
2050 , 1
2051 , 0
2052 , 0
2053 , 0
2054 , 1
2055 , 1
2056 , 0
2057 , 1
2058 , 1
2059 , 1
2060 , 1
2061 , 1
2062 , 1
2063 , 1
2064 , 0
2065 , 0
2066 , 1
2067 , 0
2068 , 1
2069 , 1
2070 , 0
2071 , 0
2072 , 0
2073 , 1
2074 , 0
2075 , 1
2076 , 0
2077 , 1
2078 , 0
2079 , 0
2080 , 1
2081 , 1
2082 , 1
2083 , 1
2084 , 0
2085 , 1
2086 , 0
2087 , 1
2088 , 0
2089 , 1
2090 , 0
2091 , 1
2092 , 0
2093 , 0
2094 , 1
2095 , 0
2096 , 1
2097 , 1
2098 , 0
2099 , 0
2100 , 0
2101 , 0
2102 , 1
2103 , 0
2104 , 0
2105 , 1
2106 , 0
2107 , 1
2108 , 0
2109 , 0
2110 , 1
2111 , 0
2112 , 0
2113 , 1
2114 , 0
2115 , 1
2116 , 1
2117 , 1
2118 , 0
2119 , 0
2120 , 0
2121 , 0
2122 , 0
2123 , 0
2124 , 1
2125 , 0
2126 , 1
2127 , 0
2128 , 0
2129 , 1
2130 , 0
2131 , 0
2132 , 1
2133 , 0
2134 , 1
2135 , 1
2136 , 1
2137 , 0
2138 , 1
2139 , 0
2140 , 0
2141 , 1
2142 , 0
2143 , 0
2144 , 1
2145 , 0
2146 , 1
2147 , 1
2148 , 0
2149 , 0
2150 , 0
2151 , 0
2152 , 0
2153 , 1
2154 , 0
2155 , 0
2156 , 0
2157 , 0
2158 , 1
2159 , 1
2160 , 0
2161 , 0
2162 , 0
2163 , 0
2164 , 0
2165 , 0
2166 , 0
2167 , 0
2168 , 1
2169 , 1
2170 , 0
2171 , 0
2172 , 0
2173 , 0
2174 , 0
2175 , 1
2176 , 1
2177 , 0
2178 , 0
2179 , 0
2180 , 0
2181 , 1
2182 , 1
2183 , 0
2184 , 0
2185 , 1
2186 , 1
2187 , 1
2188 , 0
2189 , 1
2190 , 1
2191 , 0
2192 , 0
2193 , 0
2194 , 1
2195 , 0
2196 , 1
2197 , 1
2198 , 1
2199 , 1
2200 , 1
2201 , 1
2202 , 0
2203 , 0
2204 , 0
2205 , 1
2206 , 1
2207 , 1
2208 , 0
2209 , 1
2210 , 0
2211 , 0
2212 , 0
2213 , 1
2214 , 1
2215 , 0
2216 , 1
2217 , 0
2218 , 1
2219 , 0
2220 , 1
2221 , 0
2222 , 0
2223 , 1
2224 , 0
2225 , 1
2226 , 0
2227 , 1
2228 , 0
2229 , 1
2230 , 1
2231 , 1
2232 , 0
2233 , 0
2234 , 1
2235 , 1
2236 , 0
2237 , 0
2238 , 0
2239 , 0
2240 , 0
2241 , 1
2242 , 1
2243 , 1
2244 , 1
2245 , 1
2246 , 1
2247 , 0
2248 , 1
2249 , 0
2250 , 1
2251 , 1
2252 , 0
2253 , 1
2254 , 1
2255 , 0
2256 , 0
2257 , 0
2258 , 1
2259 , 0
2260 , 0
2261 , 0
2262 , 0
2263 , 0
2264 , 1
2265 , 1
2266 , 1
2267 , 0
2268 , 1
2269 , 1
2270 , 0
2271 , 1
2272 , 1
2273 , 1
2274 , 1
2275 , 0
2276 , 0
2277 , 1
2278 , 0
2279 , 0
2280 , 1
2281 , 0
2282 , 0
2283 , 1
2284 , 0
2285 , 1
2286 , 1
2287 , 0
2288 , 1
2289 , 1
2290 , 1
2291 , 0
2292 , 1
2293 , 1
2294 , 0
2295 , 1
2296 , 0
2297 , 0
2298 , 1
2299 , 0
2300 , 0
2301 , 0
2302 , 0
2303 , 0
2304 , 0
2305 , 1
2306 , 0
2307 , 0
2308 , 1
2309 , 1
2310 , 0
2311 , 0
2312 , 0
2313 , 1
2314 , 1
2315 , 1
2316 , 1
2317 , 0
2318 , 0
2319 , 1
2320 , 0
2321 , 0
2322 , 1
2323 , 0
2324 , 1
2325 , 0
2326 , 1
2327 , 1
2328 , 1
2329 , 1
2330 , 1
2331 , 1
2332 , 1
2333 , 1
2334 , 1
2335 , 0
2336 , 0
2337 , 1
2338 , 0
2339 , 1
2340 , 1
2341 , 1
2342 , 1
2343 , 0
2344 , 1
2345 , 0
2346 , 1
2347 , 1
2348 , 1
2349 , 0
2350 , 0
2351 , 0
2352 , 0
2353 , 1
2354 , 1
2355 , 1
2356 , 1
2357 , 0
2358 , 0
2359 , 1
2360 , 0
2361 , 0
2362 , 0
2363 , 0
2364 , 1
2365 , 1
2366 , 1
2367 , 0
2368 , 1
2369 , 1
2370 , 0
2371 , 1
2372 , 1
2373 , 0
2374 , 1
2375 , 0
2376 , 1
2377 , 0
2378 , 0
2379 , 1
2380 , 0
2381 , 1
2382 , 1
1943 documents classified correctly
Accuracy Score: 
0.8153587914393622
F1 Score: pos ; neg 
[0.81403212 0.81666667]
Recall Score: pos ; neg 
[0.83521249 0.79674797]
Precision Score: pos ; neg 
[0.79389942 0.83760684]
Confusion Matrix: 
[[963 190]
 [250 980]]
